0
0.587785
0.951056
0.951057
0.587786
6.5359e-07
-0.587785
-0.951056
-0.951057
-0.587786
-1.30718e-06
0.587784
0.951056
0.951057
0.587787
1.96077e-06
-0.587784
-0.951056
-0.951057
-0.587787
-2.61436e-06
0.587783
0.951056
0.951057
0.587788
3.26795e-06
-0.587783
-0.951055
-0.951058
-0.587788
-3.92154e-06
0.587782
0.951055
0.951058
0.587789
4.57513e-06
-0.587781
-0.951055
-0.951058
-0.587789
-5.22872e-06
0.587781
0.951055
0.951058
0.58779
5.88231e-06
-0.58778
-0.951055
-0.951058
-0.58779
